"","X","CHR","BP","SNP","Allele1","Allele2","EAF","Z.Score","P","Direction","HetPVal","I2","N","CHARGE.Z.Score","CHARGE.P","CHARGE.HetPVal","CHARGE.I2","COGENT.Z.Score","COGENT.P","COGENT.HetPVal","COGENT.I2","UKB.Z.Score","UKB.P","UKB.HetPVal","UKB.I2","UKB.HetPVal.1","UKB.I2.1","RT.Beta","RT.SE","RT.P"
"1",TRUE,6,98591622,"rs2388334","A","G",0.5245,-11.469,1.89e-30,"???----?+++++?-+--+++---++?+-+--+++-?++++++++++---++++-+???+-???+--+++--+-++",0.721,0,277116,4.416,1.01e-05,0.6053,0,2.803,0.005068,0.7182,0,4.551,5.35e-06,0.2691,24,0.2691,24,-0.00174,0.00175,0.31758
"2",TRUE,3,49772708,"rs7618519","A","T",0.4925,-9.587,9.11e-22,"-+--+++------+-++--+++++--+---+---++-+--+--++------++++--+++---+-+-+--------",0.9115,0,300486,-3.389,0.0007004,0.6714,0,-0.301,0.7638,0.9288,0,-4.696,2.65e-06,0.5747,0,0.5747,0,-0.00539,0.00174,0.00199
"3",TRUE,16,28865042,"rs62037363","T","C",0.61,8.88,6.71e-19,"---++----+-++-+++-+++++-----+-+++--+------+++--+++-+----+----+---++---------",1.22e-05,46,300486,-4.344,1.4e-05,0.00685,39,0.981,0.3267,0.002139,47,-4.856,1.2e-06,0.0518,61,0.0518,61,0.00158,0.00174,0.36447
"4",TRUE,4,106217358,"rs2726513","T","G",0.4068,-8.648,5.26e-18,"--+++-+---++---++-+-++++--+++++----+-----+--+--+-++++?+-+---+----+-+---?----",0.04317,23,298407,-3.854,0.000116,0.5223,0,1.844,0.06524,0.09773,26,-6.533,6.45e-11,0.5963,0,0.5963,0,-0.00609,0.00174,0.00045
"5",TRUE,6,26569135,"rs36162392","T","C",0.8906,-8.512,1.71e-17,"+++++--+++++-++-+++++-++-+++++-+-+--++--+--+-++---?+-+++++++-+++----+++-++++",0.08013,19,300049,4.088,4.36e-05,0.4295,2,-0.537,0.5915,0.04745,32,5.422,5.88e-08,0.6928,0,0.6928,0,0.00466,0.00174,0.00741
"6",TRUE,20,47723127,"rs2426132","C","G",0.4563,8.448,2.96e-17,"???----?+++++?-+--+++---++?+-+--+++-?++++++++++---++++-+???+-???+--+++--+-++",0.6929,0,277116,4.418,9.95e-06,0.5749,0,2.778,0.005472,0.7077,0,4.545,5.49e-06,0.2568,26,0.2568,26,0.00739,0.00174,2e-05
"7",TRUE,1,41757993,"rs1343775","A","G",0.7802,8.339,7.5e-17,"???+????+-++-++-?+-??--?++?++---++--?+++++---++++-?--?-++---+????++-+-+?++++",0.01163,33,278163,2.291,0.02195,0.8435,0,-1.591,0.1117,0.02237,40,8.015,1.1e-15,0.7939,0,0.7939,0,-0.00122,0.00173,0.48073
"8",TRUE,4,103188709,"rs13107325","T","C",0.0729,-8.327,8.32e-17,"???--???++++++?+--++++--++?+-+--+++-?+-++++++++---?+++-+???+-????---++--+--+",0.6327,0,274440,4.923,8.52e-07,0.4658,0,2.842,0.004484,0.7649,0,4.541,5.59e-06,0.2523,27,0.2523,27,0.00258,0.00171,0.1316
"9",TRUE,6,28089731,"rs66886492","T","C",0.104,7.943,1.98e-15,"---+++---++-------+++++---+--++---+------+++---++++---+-+----+--++-------++-",0.7239,0,300486,-4.935,8.01e-07,0.4867,0,0.537,0.5911,0.9588,0,-4.01,6.06e-05,0.4869,0,0.4869,0,-0.00364,0.00174,0.03623
"10",TRUE,3,52565100,"rs6778735","T","C",0.4491,-7.894,2.93e-15,"-++--++-+++++-+++-++++-++++-+-+++++---++++--+++-+++-++-++++--+-++-+-++--++++",0.003818,33,300486,1.78,0.07501,0.005036,40,0.938,0.3484,0.1416,22,5.919,3.24e-09,0.85,0,0.85,0,0.00153,0.00174,0.3808
"11",TRUE,6,29372323,"rs429479","A","G",0.8818,-7.818,5.38e-15,"+----++-+++--++-++--+-+++-++-----++-++-++--+-++++-++++-+-+-+---+-++-++-?++++",0.4028,3,300310,3.591,0.0003297,0.2089,15,1.053,0.2922,0.6308,0,5.092,3.55e-07,0.4375,0,0.4375,0,0.00333,0.00174,0.05581
"12",TRUE,1,32096815,"rs10798879","T","C",0.3734,-7.797,6.36e-15,"+-++--+-+-+-----++-+---+-+----+++----+--+-+++---+---+---+-+-+++-+++---++----",0.02906,25,300486,-3.157,0.001595,0.2079,15,-2.156,0.03111,0.02568,36,-7.696,1.4e-14,0.9139,0,0.9139,0,0.00193,0.00175,0.27184
"13",TRUE,10,103989812,"rs10786662","C","G",0.568,-7.766,8.09e-15,"-+--++-+-+-+++++--+-+++-+-++++---++++-++-+---+++-+++-+++-+-+---+---+++--++++",0.03494,24,300486,3.22,0.001282,0.2341,13,2.143,0.03211,0.02631,36,7.666,1.77e-14,0.8962,0,0.8962,0,-0.0015,0.00174,0.39013
"14",TRUE,2,156021862,"rs7609050","A","C",0.4755,-7.743,9.71e-15,"-++++-++++-+-++-+++-+-++++++---++++--+-++----++----++-++--++--+-+-++++-++-++",0.0596,21,300486,3.746,0.0001797,0.2598,12,0.579,0.5624,0.03605,34,4.308,1.65e-05,0.3866,1,0.3866,1,0.00319,0.00175,0.06753
"15",TRUE,12,79685226,"rs7963801","T","C",0.4165,7.738,1.01e-14,"+++----+++-----+++++----+-++----+---++---+--+---+++++++-++++++-+-++++-++++++",0.06782,20,300486,3.181,0.001469,0.04157,30,0.033,0.974,0.3095,10,4.889,1.01e-06,0.8274,0,0.8274,0,-0.00296,0.00174,0.08956
"16",TRUE,17,57095212,"rs74370218","T","C",0.3729,-7.638,2.21e-14,"+++++--+-++++++++-+-+--++-+++---++--++-+-++--++-+--+-+++-+-++--+-+--++--++++",0.04845,22,300486,1.888,0.05905,0.0711,26,0.748,0.4546,0.2979,11,5.765,8.19e-09,0.2994,18,0.2994,18,0.00575,0.00174,0.00096
"17",TRUE,6,108864419,"rs9384679","T","C",0.379,-7.629,2.36e-14,"++++--++-+++-++---+--++-++++++++++-+-++-+++--++++++--+----+++-+++---+-+-++++",0.1552,14,300486,2.962,0.003057,0.1204,21,2.105,0.03528,0.2886,11,4.184,2.86e-05,0.4628,0,0.4628,0,0.011,0.00176,0
"18",TRUE,6,98323549,"rs79245415","C","G",0.8738,-7.616,2.61e-14,"-+++++-++-+-++--+-++-+-+-+----+-+--+-+------+-++-+--+---+-++-+++-++--++-----",0.145,15,300486,-1.112,0.2661,0.2944,10,-1.609,0.1075,0.2857,11,-5.926,3.11e-09,0.6126,0,0.6126,0,-0.00042,0.00171,0.80393
"19",TRUE,3,23966425,"rs7633520","T","G",0.2782,-7.43,1.09e-13,"--+-?+++++++-++-?+-?---?++-+++--++---++-+--+-+-++--+++++-+-++-++--+---+?++++",0.1019,18,299882,2.282,0.02247,0.5959,0,-1.18,0.2378,0.1055,27,6.137,8.42e-10,0.7281,0,0.7281,0,0.00507,0.00177,0.00415
"20",TRUE,17,44025888,"rs242559","A","C",0.7695,7.429,1.1e-13,"???++++?-----?+-++---+++--?-+-++--++?----------+++----+-???-+???-++---++-+--",0.6553,0,277116,-4.384,1.17e-05,0.5619,0,-2.883,0.003933,0.6951,0,-4.53,5.9e-06,0.2109,34,0.2109,34,-0.00109,0.00175,0.53292
"21",TRUE,2,100796850,"rs7583067","T","C",0.2394,7.332,2.27e-13,"+---+-+--+----++++-+-++-++--------+-?-++----++++-++++-----+--+++-------+--+-",0.3089,7,298560,-2.024,0.04298,0.6891,0,-1.193,0.2329,0.1503,21,-5.436,5.45e-08,0.2641,25,0.2641,25,-0.00201,0.00175,0.24955
"22",TRUE,14,33292743,"rs2239647","A","C",0.4473,-7.317,2.54e-13,"???---??+++++?-+--+++-+-++?+-+--+++-?++++++++++---?+++-+???+-????--+++--+-++",0.6869,0,275772,4.366,1.26e-05,0.5322,0,2.871,0.004089,0.7225,0,4.617,3.9e-06,0.2778,22,0.2778,22,0.00593,0.00174,0.00068
"23",TRUE,22,42541349,"rs5758605","A","G",0.4533,-7.302,2.83e-13,"-++--+++++-+--++-+-+-+-+-+--++-+++++++++---+++-+-++++--+++++--+++--+++++++++",0.4411,2,300486,4.636,3.55e-06,0.267,11,-0.32,0.7493,0.8385,0,4.48,7.48e-06,0.3599,7,0.3599,7,-0.00207,0.00175,0.23659
"24",TRUE,8,143316970,"rs13262595","A","G",0.4332,-7.25,4.18e-13,"???++???------?-++----++--?-+-++---+?-+--------+++?---+-???-+????+++--++-++-",0.6126,0,274440,-4.894,9.87e-07,0.4495,1,-2.833,0.004611,0.7544,0,-4.539,5.65e-06,0.2414,28,0.2414,28,0.00578,0.00174,0.00092
"25",TRUE,9,23362311,"rs11793831","T","G",0.4089,7.246,4.29e-13,"+---+-----+-+--+?-+??++?--+---++--++------+++-+--+-++?+--+-+-------+---?----",0.05295,22,297982,-3.227,0.00125,0.3874,5,1.374,0.1695,0.2779,13,-7.687,1.5e-14,0.6377,0,0.6377,0,0.00174,0.00174,0.31765
"26",TRUE,2,162888055,"rs2284871","T","C",0.3067,7.222,5.11e-13,"???++???-----?+-++---+-+--?-+-++---+?------+---++-?---+-???-+????++---++-+--",0.7595,0,275414,-4.381,1.18e-05,0.6491,0,-2.784,0.005363,0.7324,0,-4.623,3.79e-06,0.2657,24,0.2657,24,-0.00935,0.00175,0
"27",TRUE,1,72577950,"rs67474621","A","T",0.5002,-7.192,6.37e-13,"---+-++-----+---+-----++-------+-+--+-+----+-----+----+-+---+-++++++--+--+--",0.5315,0,300486,-3.886,0.0001021,0.7278,0,-2.93,0.003386,0.3896,5,-3.475,0.0005104,0.1587,42,0.1587,42,0.00128,0.00175,0.46351
"28",TRUE,13,106635505,"rs2478295","C","G",0.2549,7.17,7.5e-13,"+--+--+--+-----+-+--++++---?----+--++-+--+++-+++++---+-----++---?+-+-++-----",0.03935,24,295410,-4.807,1.53e-06,0.1433,20,-0.311,0.7558,0.1531,21,-5.153,2.57e-07,0.07633,56,0.07633,56,-0.00156,0.00174,0.36928
"29",TRUE,1,44015809,"rs2819336","T","C",0.3557,7.077,1.48e-12,"--++++++---+++-+--+---++-+--+-+++--+---++++++--+-+----+-+-+++--++-++--+?----",0.228,11,300310,-3.339,0.0008408,0.197,16,-1.299,0.1939,0.2555,14,-5.738,9.6e-09,0.9394,0,0.9394,0,-0.00046,0.00173,0.79093
"30",TRUE,18,50907365,"rs11662271","T","C",0.4758,6.971,3.14e-12,"-+--+--+-----++--++--++++-------------+---+-------++-+-+---++----+----+-----",0.5829,0,300486,-4.238,2.26e-05,0.8772,0,-2.55,0.01077,0.1329,22,-5.541,3.01e-08,0.3884,1,0.3884,1,-0.00697,0.00175,7e-05
"31",TRUE,16,53508802,"rs72801843","A","T",0.294,6.969,3.19e-12,"+++-+-+-+--+-+--+--+++--++++++++-+---+-+++-----+--+-++++++---++-++--+-++++++",0.3045,7,300486,3.003,0.002677,0.6299,0,-0.323,0.7464,0.3614,7,5.328,9.92e-08,0.07561,56,0.07561,56,-0.00034,0.00173,0.84226
"32",TRUE,5,87939654,"rs10514301","T","C",0.1225,6.905,5.01e-12,"---+++-+?--+----+-+++--+-------+---+---+--++++++-+-++---+--+----+--+--++----",0.1228,16,291414,-5.587,2.31e-08,0.7398,0,0.637,0.5242,0.09242,26,-7.445,9.72e-14,0.3529,8,0.3529,8,-5e-05,0.00179,0.9795
"33",TRUE,12,56427808,"rs1702877","T","C",0.3309,6.874,6.24e-12,"+-+++-+-+++++---+++++----?++++++++++++-+++-++++++++-+-+-+++++++++-++++-+++++",0.604,0,300108,3.982,6.83e-05,0.7727,0,2.518,0.01182,0.2253,15,5.187,2.13e-07,0.5166,0,0.5166,0,-0.00696,0.00173,6e-05
"34",TRUE,13,56325337,"rs9597254","A","T",0.6868,-6.817,9.31e-12,"++--+--+--+++-+-+-++--+--+---+++---+--++--+--+--+----+-----++++-+++----+----",0.1664,14,300486,-3.758,0.0001714,0.3506,7,-0.015,0.9882,0.181,19,-4.333,1.47e-05,0.2355,29,0.2355,29,-0.00182,0.00173,0.29413
"35",TRUE,16,71988106,"rs9921412","T","C",0.7364,6.789,1.13e-11,"++--++++++--+-+?-+++-+++++++++--++++----++-----++++-+-++++---+-++--++++-+-++",0.06287,21,300127,1.826,0.06782,0.2192,14,-0.059,0.9526,0.193,18,5.864,4.53e-09,0.3168,15,0.3168,15,0.00388,0.00174,0.0256
"36",TRUE,10,101912194,"rs1408579","T","C",0.479,6.772,1.27e-11,"+++---++++-+-+-?---+----+++++-++++--+++-+++--+-++---++-++-++-++++++++++-++++",0.421,2,300127,4.865,1.15e-06,0.4804,0,0.871,0.3835,0.3695,6,5.198,2.02e-07,0.3645,6,0.3645,6,0.00249,0.00176,0.15695
"37",TRUE,7,127102681,"rs61544985","A","G",0.4087,-6.753,1.44e-11,"+---+--+---+---++--++---++++++-+-++--+-++-++-+---+-+-++++--+++++-++++---++++",0.4888,0,300486,2.207,0.02732,0.6544,0,-0.162,0.8714,0.6875,0,6.256,3.95e-10,0.2285,31,0.2285,31,0.00378,0.00174,0.03031
"38",TRUE,19,18444809,"rs1363119","A","G",0.4511,-6.676,2.45e-11,"???++???------?-++----++--?-+-++---+?-+--------+++?---+-???-+????+++--++-++-",0.6226,0,274440,-4.889,1.02e-06,0.4654,0,-2.772,0.005579,0.7449,0,-4.537,5.72e-06,0.253,26,0.253,26,0.00316,0.00174,0.06984
"39",TRUE,20,14804964,"rs743134","A","G",0.3781,-6.64,3.14e-11,"--++-+-++-++-+--++--++-+-+----+-++++++-+++-+-++++-?+-+--+-+-+-+++-+-++-+++-+",0.4073,3,300049,2.556,0.0106,0.5693,0,2.26,0.02381,0.2223,16,4.641,3.46e-06,0.4555,0,0.4555,0,0.00207,0.00174,0.23563
"40",TRUE,8,13969304,"rs7010173","T","C",0.6019,6.634,3.27e-11,"+--+-++-------+-+-----++--+-+-++-++++-+----+---+++----+-+---+--+++++--++-+--",0.7458,0,300486,-4.182,2.89e-05,0.7203,0,-2.471,0.01346,0.7469,0,-3.35,0.000808,0.1365,46,0.1365,46,0.00043,0.00176,0.8071
"41",TRUE,7,133424909,"rs12707116","T","C",0.5234,-6.616,3.7e-11,"???++???------?-++----++--?-+-++---+?-+--------+++?---+-???-+????+++--++-+--",0.6661,0,274440,-4.896,9.77e-07,0.5002,0,-2.822,0.004774,0.7699,0,-4.6,4.22e-06,0.2556,26,0.2556,26,0.00259,0.00174,0.13784
"42",TRUE,9,23857083,"rs1699462","T","G",0.4064,6.598,4.17e-11,"-+-+-+--+-++---+-+++-+-+--+----+--+++---++++++++-+-++----++-+-+--+++-+----+-",0.09384,18,300486,-3.302,0.0009595,0.5758,0,0.911,0.3623,0.2304,15,-7.072,1.53e-12,0.1284,47,0.1284,47,0.00232,0.00174,0.18207
"43",TRUE,12,49422094,"rs10875914","A","G",0.5981,-6.59,4.39e-11,"++----+-?++-+++--++--++-+++++++-+++-++++++------+----++++++-++++-+--+---++-+",0.1877,13,291414,5.315,1.07e-07,0.7098,0,-0.638,0.5238,0.1721,19,6.963,3.33e-12,0.3318,12,0.3318,12,-0.00974,0.00175,0
"44",TRUE,1,72632885,"rs17589603","A","G",0.9021,6.587,4.5e-11,"???----?+++++?-+--+++-+-++?+-+--+++-?++++++++++---?+++-+????????+--+++--+-++",0.63,0,275289,4.335,1.46e-05,0.4912,0,2.866,0.004151,0.6572,0,4.775,1.8e-06,0.2953,19,0.2953,19,-0.00108,0.00172,0.52897
"45",TRUE,8,145701453,"rs750472","A","C",0.4968,-6.544,6e-11,"+-++++-++-+-----+++--++---+---++---+--+--+--+--+-+------++-+--+--+-----+----",0.3171,7,300486,-2.049,0.04043,0.7756,0,-1.347,0.178,0.05436,31,-5.385,7.25e-08,0.865,0,0.865,0,0.00823,0.00174,0
"46",TRUE,6,30745800,"rs3129977","A","C",0.8546,-6.498,8.14e-11,"???-+???++++++??-?++++--++?+-+--++--?++++++-+++---?+++-+????-????---++--+-++",0.6051,0,271373,4.909,9.16e-07,0.6913,0,2.789,0.005288,0.6494,0,3.879,0.0001047,0.212,33,0.212,33,0.00187,0.00174,0.28315
"47",TRUE,12,15543479,"rs1318878","A","C",0.2099,-6.381,1.75e-10,"???++???--------++----++--?-+-++---+?-+--------+++?---+-???-+????+++--++-+--",0.6805,0,276693,-4.822,1.42e-06,0.5367,0,-2.822,0.00477,0.7477,0,-4.604,4.15e-06,0.2607,25,0.2607,25,0.00794,0.00175,1e-05
"48",TRUE,14,30071738,"rs2333604","A","C",0.3861,-6.372,1.87e-10,"--+--+---+++-+-+-+-+-++--+--+++-+--+--+--+-++--+++-+-+----+-++--+++---+--+--",0.06648,20,300486,-3.802,0.0001436,0.7633,0,-0.18,0.8571,0.01967,38,-6.034,1.6e-09,0.0353,65,0.0353,65,-0.00294,0.00175,0.09258
"49",TRUE,8,85804582,"rs113714691","T","C",0.1073,-6.368,1.91e-10,"+-++--+-++++--+-++-++----+++++++++++++-+++-++++++++-+-+-+++++++++-++++-+++++",0.7535,0,300486,4.047,5.19e-05,0.8864,0,2.628,0.008577,0.2513,14,5.787,7.15e-09,0.6731,0,0.6731,0,0.00022,0.00169,0.89619
"50",TRUE,6,25199853,"rs77482156","T","C",0.9467,-6.362,1.99e-10,"++--+++-------+--+--+++-++-+-+--+-+++--++-++++--++--+----+--+----++--+++-+--",0.3061,7,300486,-3.617,0.0002983,0.4315,2,0.16,0.8732,0.2659,13,-4.654,3.26e-06,0.5944,0,0.5944,0,0.00164,0.00172,0.34041
"51",TRUE,1,109846278,"rs407102","T","C",0.7051,-6.351,2.13e-10,"???+++-?+++----++?+-+--+-+??+-++++++?+-++--+----+-?++++++++?+????+--++-+++++",0.07314,22,274254,2.23,0.02573,0.3101,10,-0.145,0.8845,0.1705,19,6.529,6.61e-11,0.3606,7,0.3606,7,0.00179,0.00174,0.30356
"52",TRUE,5,88163771,"rs61104616","A","G",0.5186,-6.344,2.25e-10,"++++-+--++--++-+-+--+-+-++++-++++++-+++--+++++--++-++-++-++++-++++--+++-++-+",0.2701,9,300486,5.46,4.77e-08,0.4689,0,1.109,0.2673,0.3249,9,3.181,0.001467,0.3325,12,0.3325,12,-0.00015,0.00174,0.93105
"53",TRUE,7,21417556,"rs62439690","A","G",0.2569,-6.33,2.44e-10,"+---+------+---++-+-+-++-++---+----+--++-+--+++--++-+?--+-++-----++----?--+-",0.4406,2,298407,-3.856,0.0001154,0.5351,0,1.024,0.3056,0.6084,0,-5.06,4.18e-07,0.4703,0,0.4703,0,-0.0029,0.00173,0.09376
"54",TRUE,6,98311875,"rs9489945","C","G",0.4069,-6.329,2.47e-10,"+++++-++-+++-+----+++++-+-++++-+++++-++-++-+-+-++++-++-+--+++-+++--+--+-+-++",0.5198,0,300486,3.332,0.0008634,0.2494,12,2.17,0.03002,0.8075,0,3.838,0.0001242,0.211,34,0.211,34,-0.00571,0.00174,0.00107
"55",TRUE,1,20883608,"rs79582714","T","C",0.0977,6.32,2.61e-10,"-+----+--+-++-++---++--+++-+++--+++-+++++-++-++-+-++++++----++-++-+++++-++++",0.371,4,300486,2.117,0.03429,0.7985,0,1.362,0.1733,0.06189,30,5.218,1.81e-07,0.8794,0,0.8794,0,-0.00387,0.00171,0.02375
"56",TRUE,4,67970101,"rs6819372","A","G",0.4722,-6.297,3.03e-10,"-+-??-?---?-?--??-????+?--+-+++++-+++-+----?+-++-+--------+-?+-++-?+---?----",0.3974,4,296405,-3.026,0.002476,0.3918,4,0.661,0.5086,0.5738,0,-5.481,4.23e-08,0.8802,0,0.8802,0,0.00243,0.00174,0.16359
"57",TRUE,6,24181831,"rs10806984","A","C",0.6479,6.284,3.3e-10,"-+--++-+++-+++++--+-+++-++++++---++++-++-+---+++-+++-+++-+-+---+---+++--++++",0.03826,24,300486,3.125,0.001779,0.267,11,2.265,0.02353,0.02512,36,7.663,1.82e-14,0.9136,0,0.9136,0,-0.00122,0.00174,0.48534
"58",TRUE,2,73387386,"rs6760964","C","G",0.6113,6.27,3.6e-10,"-+--+-+--------+++++-+---+++--++----+------+++--+-+++--+-++----+++++--+-----",0.05129,22,300486,-5.041,4.63e-07,0.007921,38,-1.029,0.3035,0.691,0,-3.295,0.0009846,0.6664,0,0.6664,0,-0.00133,0.00175,0.44642
"59",TRUE,17,43970317,"rs8065165","T","C",0.1825,6.265,3.73e-10,"-+-+-+++++-+--+--+++++--+-++--+--+-+-+--+++--+++--?--++-++-+--+++++-+++-++-+",0.2716,9,300049,4.177,2.95e-05,0.8485,0,-0.915,0.36,0.1299,23,4.449,8.62e-06,0.1866,38,0.1866,38,-0.01014,0.00172,0
"60",TRUE,5,165479749,"rs830386","A","C",0.2385,6.263,3.77e-10,"----+++---+-+-+----+++-+-+++--+---+-----+--++-+---+-+-----------+--++++-----",0.8651,0,300486,-2.058,0.03963,0.8472,0,-1.687,0.09161,0.6109,0,-5.108,3.26e-07,0.7963,0,0.7963,0,0.00073,0.00173,0.67247
"61",TRUE,16,61582586,"rs62047280","A","G",0.2216,6.205,5.47e-10,"???--???++++-?+-?++?----+-?+?-++++++?-+-+----+-++-??-?--???-+????+++--+?++++",0.03532,28,270473,2.931,0.003379,0.06976,33,-0.994,0.3202,0.275,13,5.885,3.98e-09,0.623,0,0.623,0,-0.00102,0.00173,0.55703
"62",TRUE,2,71539301,"rs4852252","T","C",0.4408,-6.191,5.99e-10,"-+-+++----++--+?--+-++-++-+--+----++---+--+++-++-++------+--+-----++---+----",0.758,0,300127,-4.653,3.27e-06,0.5947,0,0.336,0.7367,0.8895,0,-4.645,3.39e-06,0.4908,0,0.4908,0,0.00938,0.00175,0
"63",TRUE,1,44341895,"rs2906455","T","C",0.0988,-6.153,7.6e-10,"-+++++-++++---++-+--++-++--++--++++--+-+--+--+-+--++++++++--+---+---+-+-++++",0.1455,15,300486,5.647,1.63e-08,0.3331,8,-1.25,0.2114,0.6007,0,4.831,1.36e-06,0.241,29,0.241,29,0.0034,0.00177,0.05554
"64",TRUE,6,16320987,"rs179994","A","C",0.6069,6.15,7.77e-10,"-+-+------+-++--+-+---+--++---+-+-++--+-+--+--+-++-+-++--+---+----++--++----",0.1072,17,300486,-4.419,9.9e-06,0.5505,0,-1.57,0.1165,0.009074,42,-5.15,2.61e-07,0.8728,0,0.8728,0,-0.00159,0.00174,0.36071
"65",TRUE,6,26534616,"rs9467777","A","C",0.461,-6.149,7.79e-10,"---++----++-------++--+++-+--+++++-+--+------+++++-+----++--+---++++-+-+----",0.2129,11,300486,-2.798,0.005142,0.04849,28,-0.243,0.8078,0.7562,0,-5.022,5.12e-07,0.7342,0,0.7342,0,0.00453,0.00175,0.00945
"66",TRUE,11,47650993,"rs3817334","T","C",0.4055,-6.132,8.65e-10,"+++++-++++-+-++-+-+-+--+++++---++++-++-++-+--++---?---+++-++--++--+++--++-++",0.009003,30,300049,3.915,9.04e-05,0.1552,19,0.352,0.7247,0.008937,42,5.156,2.52e-07,0.2506,27,0.2506,27,0.00138,0.00174,0.42797
"67",TRUE,4,152720703,"rs13146981","T","C",0.4853,-6.126,8.99e-10,"???--???++++++++--++++--++?+-+--+++-?+-++++++++---?+++-+???+-????---++--+-++",0.6868,0,276693,4.825,1.4e-06,0.5346,0,2.82,0.004802,0.758,0,4.605,4.12e-06,0.2602,25,0.2602,25,0.00591,0.00175,0.00075
"68",TRUE,3,71482840,"rs56151722","A","G",0.2565,-6.126,9.01e-10,"--++++-++-+--+-++++--++-------++---+-++--+-++--+-+------++-+--+--------+----",0.2511,9,300486,-2.101,0.03565,0.7482,0,-1.415,0.1572,0.04214,33,-5.875,4.23e-09,0.9596,0,0.9596,0,-0.00121,0.00183,0.50874
"69",TRUE,16,7229579,"rs9934041","T","C",0.3469,-6.125,9.06e-10,"+++++++++--+--+-+-+--+++--++++++++++---++-+-+--+---++++--+----+++---+-++++++",0.07582,20,300486,1.667,0.09545,0.5478,0,0.167,0.8672,0.04599,32,5.901,3.61e-09,0.4112,0,0.4112,0,0.00404,0.00174,0.01989
"70",TRUE,1,96221514,"rs7534501","A","G",0.468,-6.12,9.35e-10,"---+-+--+-+----+++-----++-----++---+?+--+++++-+--+----+-+-+-++---+++-+------",0.1717,13,298560,-2.779,0.005449,0.7026,0,0.85,0.3953,0.1215,23,-5.649,1.61e-08,0.2902,20,0.2902,20,0.00321,0.00175,0.06694
"71",TRUE,20,34427192,"rs2425161","A","G",0.8182,-6.095,1.09e-09,"+---?-+--++----+?-+?-+++--+--+++--++-----++++-+--+--+?+-+-+++---+-+--+-?----",0.01295,29,298126,-3.448,0.0005645,0.1706,17,1.354,0.1758,0.123,25,-6.829,8.58e-12,0.3494,9,0.3494,9,0.00609,0.0018,7e-04
"72",TRUE,3,127161689,"rs11720236","T","G",0.8302,-6.088,1.14e-09,"-+?+++-++-++++++++-+----++??++++-++--+-++-+-++----?+++++++++-???+-+-++-+++++",0.09979,18,283864,4.176,2.97e-05,0.4361,2,0.718,0.4725,0.07263,28,6.213,5.21e-10,0.1568,42,0.1568,42,0.00135,0.00174,0.43917
"73",TRUE,1,96700020,"rs516902","T","C",0.6202,-6.078,1.22e-09,"++---+---+-----+---+--+-+-----+----+--++-+-+-+--+-++--++-------+++-+---+----",0.6532,0,300486,-4.464,8.05e-06,0.253,12,-0.061,0.9512,0.9732,0,-4.604,4.14e-06,0.3191,15,0.3191,15,0.00411,0.00175,0.01867
"74",TRUE,4,2722815,"rs4690029","T","C",0.5598,6.073,1.25e-09,"+++----+-++-----+-+-+-++-++---+--------+---+-+-++-?+--+-+--+-+----+--+-+--+-",0.2682,9,300049,-1.784,0.07438,0.5127,0,-0.666,0.5053,0.3964,4,-6.591,4.36e-11,0.413,0,0.413,0,-0.00023,0.00174,0.89592
"75",TRUE,3,85010039,"rs424029","A","G",0.0436,-6.062,1.35e-09,"???--???+++++??+-++++++-++?+-+--+-+-?+++++++++++-+?+++-+?????????--++---+-++",0.1741,15,271771,3.646,0.000266,0.362,7,3.376,0.0007365,0.3531,7,4.162,3.15e-05,0.04593,63,0.04593,63,0.00797,0.00174,0
"76",TRUE,16,24766841,"rs34172651","T","C",0.6934,-6.059,1.37e-09,"-++---++-+--+-+++----+--++++++-+++---++++++++++++-+----++-+++-+-++--+++-++-+",0.8247,0,300486,5.118,3.08e-07,0.5174,0,0.229,0.819,0.9274,0,4.436,9.14e-06,0.9184,0,0.9184,0,-0.00411,0.00176,0.0194
"77",TRUE,2,163830427,"rs11896887","A","G",0.4438,6.046,1.48e-09,"?+++++-++-+-+--++-+-+--++-+++-+--++--+-++-+--+-++-+++++++++++++++---+-++++++",0.0606,21,300027,4.666,3.07e-06,0.2955,10,0.352,0.7248,0.05558,31,5.879,4.12e-09,0.2864,21,0.2864,21,-0.00086,0.00174,0.6211
"78",TRUE,1,41849340,"rs1892423","A","C",0.4351,-6.036,1.58e-09,"+-+-+-++-+--+++-+---+---++-++++-++---+++-----+--+-+-+++++--+-++++---+-+-++-+",0.1372,15,300486,3.023,0.002503,0.7439,0,-1.065,0.2868,0.2921,11,7.277,3.4e-13,0.1242,48,0.1242,48,0.00261,0.00175,0.13577
"79",TRUE,14,98547748,"rs10145335","A","G",0.2469,-6.029,1.65e-09,"----------+++--+---+-++--+----+----+--+----++-+++--+++------++--+++--++-----",0.0928,18,300486,-6.326,2.52e-10,0.4835,0,-0.014,0.989,0.09908,26,-7.969,1.6e-15,0.4117,0,0.4117,0,0.00456,0.00173,0.00841
"80",TRUE,4,103190229,"rs17032400","T","C",0.5423,-6.029,1.65e-09,"+-+-+-++-+--+++-+---+-+-++-++++-++---+++-----+--+-?--++++--+-+-++---+-++++-+",0.1017,18,300049,3.288,0.001009,0.5844,0,-0.897,0.3699,0.2476,14,7.074,1.51e-12,0.1302,47,0.1302,47,0.00256,0.00174,0.1415
"81",TRUE,7,69996371,"rs2007481","A","G",0.6498,6.018,1.77e-09,"???++???-----?+-++---+-+--?-+-++---+?-+--------+++?---+-???-+????++---++-+--",0.691,0,275414,-4.449,8.64e-06,0.5585,0,-2.835,0.004584,0.7103,0,-4.629,3.67e-06,0.2715,23,0.2715,23,-0.00713,0.00175,5e-05
"82",TRUE,2,82444107,"rs11678106","T","C",0.5116,6.013,1.83e-09,"---------+++++-+-+--+-+--+--------+-+-+--+----+-+------++-+++----+++-+------",0.005786,31,300486,-2.722,0.00648,0.6525,0,-0.641,0.5215,0.001243,49,-7.485,7.17e-14,0.1312,47,0.1312,47,2e-04,0.00174,0.90931
"83",TRUE,2,162059969,"rs11884495","A","T",0.5077,6.009,1.86e-09,"-+-+++--?-++---+++++---+-----+-+---+--+--+--+-+++++-+----+-+--+-+-++---+----",0.6024,0,291414,-5.404,6.5e-08,0.7401,0,-0.2,0.8412,0.4032,4,-5.39,7.03e-08,0.8666,0,0.8666,0,-0.00447,0.00174,0.01043
"84",TRUE,7,104608592,"rs34180096","T","C",0.547,-6.006,1.9e-09,"-++---++++-+--++-+---+-+-++-++-+-++++++------+-+-++++++-++++---++--+++-+++++",0.5756,0,300486,4.337,1.45e-05,0.6229,0,-0.124,0.9012,0.4421,2,5.196,2.04e-07,0.9135,0,0.9135,0,0.00183,0.00176,0.2985
"85",TRUE,1,183340238,"rs527825","A","G",0.4198,-6.006,1.9e-09,"++---+---+-----+---+--+++-----+----+--++-+-+-+--+-++--++--------++-+---+----",0.5774,0,300486,-4.531,5.86e-06,0.2747,11,0.185,0.8536,0.9417,0,-4.644,3.42e-06,0.3201,14,0.3201,14,0.00817,0.00175,0
"86",TRUE,9,92225483,"rs7873907","T","C",0.4988,5.99,2.1e-09,"++----+-+++--++--+-?+-+++-?+-----++--+-+++-+++--+++++?-+-+++++-+--+-+--?+-++",0.6055,0,295746,4.33,1.49e-05,0.4521,1,0.811,0.4176,0.8059,0,3.675,0.0002381,0.1485,44,0.1485,44,-0.00135,0.00174,0.4374
"87",TRUE,3,184069126,"rs73189617","C","G",0.7114,-5.979,2.24e-09,"+----+---------++++++-----+---++------+---+--++++-+---++++--+------+-------+",0.2138,11,300486,-5.571,2.53e-08,0.4714,0,0.092,0.927,0.3977,4,-3.175,0.001498,0.252,27,0.252,27,0.00088,0.00173,0.6119
"88",TRUE,2,100924822,"rs71413877","A","G",0.0401,5.967,2.42e-09,"???++???+-++-?+-++-?+---++?+----+++-?+++++---++-+-?--?--???-+????++-+-+?++++",0.01839,30,273240,2.167,0.03025,0.2557,15,-1.942,0.05216,0.1845,19,6.493,8.39e-11,0.8908,0,0.8908,0,-0.00284,0.00171,0.09687
"89",TRUE,5,60528806,"rs34627","A","G",0.4801,5.953,2.64e-09,"???++???++?+-?+-?+-?----+-?+-----+--?++-+--+-+-++-??-?-0???-+????++-+-+?++++",0.01965,31,270709,2.428,0.01519,0.3788,6,-1.608,0.1078,0.09702,28,7.044,1.87e-12,0.9892,0,0.9892,0,-0.00424,0.00174,0.01494
"90",TRUE,2,144250487,"rs13428598","T","C",0.3778,5.939,2.87e-09,"???--???++++++?+--++++--++?+++--+++-?+-++++++++---?+++-+???+-????---++--+--+",0.648,0,274440,4.881,1.05e-06,0.4708,0,2.864,0.004181,0.774,0,4.513,6.38e-06,0.2664,24,0.2664,24,-0.00463,0.00174,0.00775
"91",TRUE,15,83221392,"rs3850610","A","C",0.2401,5.931,3.01e-09,"---++++-+--+++++-+-+-+--+--+++-++++++++-+++-+-+--++-++-+-++-+-++++-++-+-++-+",0.2535,9,300486,1.959,0.0501,0.5012,0,0.663,0.5076,0.3459,8,6.59,4.41e-11,0.4255,0,0.4255,0,-9e-05,0.00174,0.95967
"92",TRUE,9,23772277,"rs7038525","T","C",0.1787,-5.929,3.05e-09,"+-+---+-+---++++-+-+---+---++++-+++++++-++---+----++++-+++++++-+-+--+--+++-+",0.3597,5,300486,2.152,0.03139,0.528,0,0.112,0.9112,0.4576,1,5.889,3.9e-09,0.3459,9,0.3459,9,-0.00197,0.00175,0.25826
"93",TRUE,13,21356540,"rs4294650","T","C",0.311,5.92,3.23e-09,"---++++--+-++-+++-+++-+-----+-+++--++--+--+++--+++-+----+----+---++---------",0.0004308,39,300486,-4.491,7.1e-06,0.08515,24,1.117,0.2641,0.004743,44,-5.224,1.76e-07,0.09166,53,0.09166,53,0.00216,0.00176,0.22083
"94",TRUE,14,36994709,"rs11628208","A","C",0.3998,-5.905,3.52e-09,"+--+--+--+-------+--++++---?--+-+--++-+--+++--++++---------++---?+-+--+-----",0.04002,24,295410,-5.092,3.54e-07,0.3316,8,-0.222,0.824,0.05228,31,-5.819,5.91e-09,0.1011,52,0.1011,52,0.00189,0.00174,0.27831
"95",TRUE,6,19082663,"rs9477970","A","T",0.187,5.903,3.57e-09,"--++-+---++----++++--------+--+-----+-+-++--+-+++--++-+--++-+++-----+--+----",0.2637,9,300486,-2.18,0.02926,0.5247,0,-0.777,0.4372,0.1225,23,-5.302,1.15e-07,0.788,0,0.788,0,0.00013,0.00173,0.942
"96",TRUE,19,31942961,"rs1895471","A","G",0.6679,5.899,3.65e-09,"???-+???++++++??-?++++--++?+-+--+++-?+-++++++++---?+++-+????-????---++--+--+",0.7223,0,271373,4.611,4.02e-06,0.74,0,2.933,0.003359,0.6584,0,4.529,5.93e-06,0.2439,28,0.2439,28,-0.00338,0.00175,0.05309
"97",TRUE,5,139581773,"rs421211","A","G",0.5428,5.897,3.71e-09,"??-+-++------?+-++-----+--?-+-++---+?-+----++-++++?---+-???-++-+++++--+--+--",0.6006,0,288805,-4.085,4.41e-05,0.4436,1,-1.941,0.05227,0.5885,0,-4.382,1.18e-05,0.3991,0,0.3991,0,0.00993,0.00175,0
"98",TRUE,2,60718347,"rs7599488","T","C",0.4316,-5.897,3.71e-09,"--------+--++-----++----+++--+--+-+---+-+-+++--++--++-+++++-+-++-++--+------",0.6292,0,300486,-2.652,0.008003,0.4986,0,-0.988,0.3232,0.5692,0,-5.022,5.12e-07,0.7025,0,0.7025,0,-0.00013,0.00175,0.9405
"99",TRUE,2,101042122,"rs7590388","T","G",0.4771,-5.864,4.52e-09,"++++-----++-+++++--+++--+-?+++---++-++----++-++++-+-++-+-++-++++-+--++-?++++",0.2743,9,297744,2.713,0.006661,0.4073,4,-0.011,0.991,0.3115,10,5.358,8.42e-08,0.4296,0,0.4296,0,-0.00042,0.00174,0.81094
"100",TRUE,16,7673255,"rs7186834","T","C",0.5752,5.859,4.66e-09,"-+--++-+-+++----+-+-+-+-++++---++------+---++-++++----+-------+-+-++-++---+-",0.315,7,300486,-1.94,0.05233,0.5515,0,-0.049,0.9613,0.4475,1,-6.056,1.4e-09,0.2786,22,0.2786,22,0.00093,0.00175,0.59627
"101",TRUE,15,41222487,"rs12441495","C","G",0.1234,-5.836,5.35e-09,"???--???++++++?+--++++--++?+-+--+++-?+-++++++++---?+++-+???+-????---++--+-++",0.6497,0,274440,4.939,7.84e-07,0.5094,0,2.808,0.004981,0.7441,0,4.595,4.33e-06,0.2587,25,0.2587,25,0.00436,0.00171,0.01102
"102",TRUE,13,89016992,"rs9520384","A","G",0.3134,-5.828,5.62e-09,"++++-+++?++++++++-+-+?+++++++++-++++++++-++----+++-++?++++-----++++-+-+?++-+",0.01127,30,289243,4.386,1.16e-05,0.01787,35,2.428,0.01518,0.1018,26,2.946,0.003214,0.8386,0,0.8386,0,0.00392,0.00174,0.0241
"103",TRUE,5,64020316,"rs80170948","T","G",0.9583,5.805,6.44e-09,"+++--++-++----++-+++-----++++----++-++++-+-+-++++-+++++----+-+-+-----+-+++-+",0.5124,0,300486,3.714,0.0002036,0.3872,5,0.473,0.6362,0.494,0,4.283,1.84e-05,0.7836,0,0.7836,0,-0.00379,0.00169,0.02549
"104",TRUE,4,25408838,"rs34811474","A","G",0.2215,5.797,6.74e-09,"???++???++?+-?++?+???-??+-?+---+++--?++++?+--+++--?++?--???++????+++-+-?++-+",0.1955,15,266637,3.643,0.0002699,0.772,0,0.156,0.8763,0.02384,42,5.47,4.51e-08,0.6135,0,0.6135,0,-0.00023,0.00172,0.89563
"105",TRUE,7,127716892,"rs78066960","A","G",0.3014,5.79,7.04e-09,"++?????--++-?++-??????-?+???-+-++++---?+++++-+-+-+?+++-+-+-??++---?+++-?++++",0.01719,31,283648,1.344,0.179,0.04624,32,2.34,0.01928,0.2309,18,5.368,7.96e-08,0.114,50,0.114,50,0.0056,0.00173,0.00125
"106",TRUE,16,13630944,"rs4781499","A","G",0.8457,5.782,7.4e-09,"--+++-+++-+++++-+++-++--+++-+--++++-++--+-+-+-++----++--++++++++--+-+++-++++",0.4556,1,300486,4.644,3.42e-06,0.2956,10,-0.134,0.8931,0.807,0,4.611,4.01e-06,0.3173,15,0.3173,15,-4e-05,0.00177,0.98115
"107",TRUE,2,68473755,"rs59663815","T","G",0.6851,-5.775,7.71e-09,"-+-++-----++----+--+++++-+-++-+--++-----+--+----+-----+--++-+--++-+------+--",0.5048,0,300486,-3.797,0.0001467,0.5636,0,-2.085,0.03708,0.3873,5,-4.192,2.77e-05,0.2188,32,0.2188,32,0.00219,0.00175,0.2122
"108",TRUE,10,65188973,"rs10761765","A","G",0.1967,-5.761,8.37e-09,"-++++--+-----+++-++++-++++++-+++-+--++-++++-++++--+++++--+--+-++-++-+++-++++",0.007171,31,300486,3.557,0.0003753,0.1546,18,2.534,0.01126,0.01379,39,7.351,1.96e-13,0.09209,53,0.09209,53,0.00375,0.00181,0.03852
"109",TRUE,3,48736216,"rs28657585","A","T",0.8781,-5.757,8.54e-09,"-+-??-+----++--+?+????-?-+?--0+----?--+--+-+--+-----+-+++-++-+---++---+-----",0.8535,0,296636,-3.176,0.001492,0.8193,0,-0.437,0.662,0.6638,0,-6.14,8.23e-10,0.9316,0,0.9316,0,-0.00188,0.00174,0.28118
"110",TRUE,8,118902809,"rs7814022","A","C",0.5648,5.756,8.59e-09,"+-++---+++--+++-++++-+--++++++-+-+-+---+---+++-+--+--+-+-+-++-+++--+++++++++",0.8007,0,300486,3.046,0.002316,0.514,0,0.808,0.4189,0.8196,0,4.711,2.47e-06,0.6692,0,0.6692,0,-0.00594,0.00175,0.00069
"111",TRUE,3,49502779,"rs111599092","A","G",0.1316,5.755,8.64e-09,"---+--+---+++-+-+-+-+-++-+?-+-++---+---++-+---+++-?-++---+-?+---+-+----+----",0.12,17,296292,-4.069,4.72e-05,0.4753,0,-1.253,0.21,0.02925,35,-6.47,9.8e-11,0.6907,0,0.6907,0,0.00161,0.00174,0.35463
"112",TRUE,1,153797015,"rs112780312","A","G",0.2831,-5.736,9.72e-09,"++++-++-+++++-++++-++----?++++++++++++-+++-+++++++--+-+-+++--++++-++++-+++++",0.6112,0,300108,4.314,1.6e-05,0.8527,0,2.608,0.009108,0.1902,18,5.606,2.08e-08,0.3444,10,0.3444,10,2e-05,0.00174,0.98898
"113",TRUE,10,67213589,"rs10996430","A","G",0.762,-5.731,9.98e-09,"+--+--+-+-+-----++-++--+-+----+++----+--+--++---+---+---+-+-+++-+++---++----",0.1061,17,300486,-3.179,0.001476,0.3007,9,-1.792,0.07317,0.07777,28,-7.252,4.11e-13,0.9291,0,0.9291,0,-0.00143,0.00172,0.40594
"114",TRUE,2,155654998,"rs74796574","T","C",0.9531,-5.726,1.03e-08,"+-+-+-----+-++-++-----++-+--++-++-+-+-++---++---++-++--+--+-+------+---+--+-",0.2859,8,300486,-4.252,2.12e-05,0.8401,0,0.873,0.3827,0.142,22,-4.506,6.61e-06,0.1933,36,0.1933,36,0.00146,0.00172,0.39509
"115",TRUE,6,20930113,"rs11970030","C","G",0.1205,-5.723,1.05e-08,"+++++++++-----+-+-++-+-++-++++++++-+-+-++-++++-+-++++++--+---++++---+-++++++",0.005527,32,300486,2.641,0.008268,0.6718,0,0.616,0.5382,0.0009698,50,7.36,1.84e-13,0.1355,46,0.1355,46,0.00212,0.00172,0.21904
"116",TRUE,16,12197441,"rs2457192","A","C",0.7024,-5.719,1.07e-08,"???+-???+++++?++-++-+---+-?+-+--+++-?+++++++++-+--?+++-+???+-????-+-+--+++++",0.2092,13,275414,4.854,1.21e-06,0.5005,0,3.622,0.0002921,0.1591,20,3.911,9.2e-05,0.8528,0,0.8528,0,-0.00505,0.00172,0.00337
"117",TRUE,20,44595649,"rs3092073","A","G",0.4536,-5.719,1.07e-08,"+-+--+++?-+-+++------++-+++++++-+++-+++++--+-+--+--+-+++--+-++++-+--+-+-++-+",0.7346,0,291414,4.434,9.24e-06,0.5315,0,0.784,0.4331,0.692,0,4.991,6.01e-07,0.8169,0,0.8169,0,-0.00614,0.00174,0.00043
"118",TRUE,7,71759069,"rs56150095","A","C",0.5255,-5.697,1.22e-08,"+-+-+-?+++--++++-----+-++-+++-+-+++-?+++-+--+++-+-+-+-+----+-++-+++-++--++-+",0.1042,18,298380,4.596,4.3e-06,0.137,20,0.754,0.4511,0.2545,13,4.154,3.26e-05,0.2575,26,0.2575,26,-0.00221,0.00175,0.20519
"119",TRUE,8,30879207,"rs13278931","T","G",0.4497,-5.692,1.25e-08,"???--???++++++?+--++++--++?+-+-+++--?+-++++++++---?+++-+???+-????---++--+-++",0.7251,0,274440,4.837,1.32e-06,0.5986,0,2.816,0.004864,0.7672,0,4.582,4.61e-06,0.2592,25,0.2592,25,-0.00056,0.00175,0.7477
"120",TRUE,14,89715495,"rs55985762","A","T",0.2173,5.691,1.26e-08,"--+----------++---++-----+----+++--++-++-+-+-+-++-++--+--++---++-+++---+----",0.1609,14,300486,-4.064,4.82e-05,0.6005,0,0.386,0.6994,0.09007,26,-5.037,4.73e-07,0.2597,25,0.2597,25,-5e-05,0.00174,0.97872
"121",TRUE,11,20129311,"rs35891966","A","G",0.0691,-5.69,1.27e-08,"+++--++++--+++++++-++-+--+-++---+-+-++-+++-+++----+-++++++++++++----++++++++",0.2896,8,300486,3.48,0.0005011,0.1223,21,0.187,0.8513,0.6426,0,5.634,1.76e-08,0.9314,0,0.9314,0,0.00813,0.0017,0
"122",TRUE,1,72733610,"rs34305371","A","G",0.0969,5.686,1.3e-08,"??+-+--++++++?-+--+++++-++?+-+-++++-?+-+++++-+----?+++-+???+--+-----++-++-++",0.6018,0,288805,4.067,4.76e-05,0.434,2,1.942,0.0521,0.5877,0,4.607,4.08e-06,0.4102,0,0.4102,0,0.00307,0.00172,0.07332
"123",TRUE,6,20896553,"rs9295486","T","C",0.5733,-5.685,1.31e-08,"++++++++++----++-+++++++++-+-++--+----+--+++-+-+-++++++++---++-++++-++--++++",0.7767,0,300486,2.759,0.005798,0.8478,0,3.312,0.0009269,0.6125,0,3.893,9.9e-05,0.2521,27,0.2521,27,0.00258,0.00174,0.13841
"124",TRUE,12,93067870,"rs17251689","C","G",0.203,5.678,1.37e-08,"+-+-+-++-+--+++-+---+-+-++-++++-++---+++--------+-+--++++--+-+-++---+-++++-+",0.09583,18,300486,3.264,0.0011,0.5862,0,-0.947,0.3438,0.2494,14,7.107,1.19e-12,0.1189,49,0.1189,49,0.00048,0.00173,0.78264
"125",TRUE,2,118536571,"rs28892332","T","C",0.0431,5.66,1.51e-08,"???++???-----?+-++-----+--?---++--++?------+--++++?---+-???-+????++---++-++-",0.7247,0,275414,-4.196,2.72e-05,0.8476,0,-3.19,0.001424,0.5371,0,-4.298,1.72e-05,0.2723,23,0.2723,23,0.00167,0.00171,0.32751
"126",TRUE,11,28642653,"rs4636654","A","G",0.4014,5.64,1.7e-08,"+--++-+-+++++-++++-+++--++++++-+-++-++-++++-+-+++-+-+---+++++++++--+++--++++",0.7196,0,300486,4.406,1.05e-05,0.9442,0,-0.748,0.4548,0.58,0,5.075,3.87e-07,0.1371,46,0.1371,46,-0.00462,0.00175,0.00849
"127",TRUE,3,123571754,"rs1343700","A","G",0.6316,5.636,1.74e-08,"???-????-+--+--+?-+??++?--?--+++---+?----++++----+??+?+-???--????--+-+-?----",0.006715,36,272529,-2.583,0.009805,0.649,0,1.871,0.06141,0.03441,37,-7.878,3.34e-15,0.9756,0,0.9756,0,-0.00365,0.00179,0.04099
"128",TRUE,3,85393815,"rs62253086","T","G",0.8912,5.628,1.83e-08,"++++-----++-+-++++-+++--+-?+++---++-++----++-++---+-++-+-++??+++-+--++-?++++",0.3783,4,296354,2.735,0.006235,0.3578,6,0.611,0.5411,0.442,2,5.354,8.58e-08,0.48,0,0.48,0,-0.00711,0.00177,6e-05
"129",TRUE,22,39859169,"rs909674","A","C",0.7447,5.624,1.87e-08,"+-+-+-----+-++-++-----++-+-+++-++-+-+-++---++---++-++--+--+-+------+---+--+-",0.2622,9,300486,-4.159,3.19e-05,0.8259,0,0.97,0.3321,0.1355,22,-4.462,8.11e-06,0.2001,35,0.2001,35,-0.00295,0.00173,0.08837
"130",TRUE,5,102726073,"rs74944275","T","C",0.0435,5.609,2.04e-08,"-+----+--+-++-++---+---+++-+++-++++-+++++-++-++-+-++++++----++-++-+++++-++++",0.3195,6,300486,1.963,0.04962,0.7984,0,1.532,0.1256,0.05308,31,5.387,7.17e-08,0.8052,0,0.8052,0,0.00016,0.00169,0.92565
"131",TRUE,3,71677981,"rs17663165","A","C",0.4071,5.609,2.04e-08,"???--???+++++?-+--++++--++?+-+--+++-?++++++-+++---?+++-+???+-????--+++--+--+",0.6712,0,275414,4.599,4.24e-06,0.5421,0,2.786,0.005331,0.7144,0,4.612,3.99e-06,0.2514,27,0.2514,27,-0.00255,0.00174,0.1429
"132",TRUE,1,69438777,"rs2420551","A","T",0.8963,-5.599,2.15e-08,"???----?+++++?-+--+++---++?+-+--+++-?++++++++++---++++-+???+-???+--+++--+-++",0.7132,0,277116,4.415,1.01e-05,0.5928,0,2.79,0.005274,0.7247,0,4.55,5.38e-06,0.2515,27,0.2515,27,-0.00186,0.00183,0.30687
"133",TRUE,2,73565143,"rs11126396","T","C",0.2939,-5.599,2.15e-08,"-+---++--+--+--+-++--+-------++---++--++--+++--+++--+-------+---++++---+----",0.00295,34,300486,-5.004,5.61e-07,0.04283,29,1.28,0.2004,0.1085,25,-6.869,6.47e-12,0.4179,0,0.4179,0,0.00271,0.00177,0.1267
"134",TRUE,17,17711270,"rs4925114","A","G",0.3656,-5.598,2.17e-08,"+--+++++--++-++-+-+--++-+++--+-+++---++++++-++--+++--+-+++-+-+-++-++---+++++",0.2384,10,300486,1.313,0.1892,0.4881,0,2.766,0.005668,0.2803,12,6.081,1.2e-09,0.7861,0,0.7861,0,0.0085,0.00178,0
"135",TRUE,15,51037974,"rs12438326","A","G",0.6564,5.58,2.4e-08,"???--???++++++?+--++++--++?+-+--+++-?+-++++++++---?+++-+???+-????---++--+-++",0.6646,0,274440,4.911,9.05e-07,0.5117,0,2.835,0.004579,0.7636,0,4.604,4.14e-06,0.2495,27,0.2495,27,-0.00133,0.00174,0.44534
"136",TRUE,10,104198528,"rs117793008","A","G",0.9348,5.58,2.4e-08,"+---?-------+--+?-+??++?--+--+++--+++----++++-+--+-++?+--+++------++-+-?----",0.01414,29,297876,-3.237,0.001207,0.2895,10,1.473,0.1406,0.1098,27,-7.718,1.19e-14,0.6828,0,0.6828,0,0.0027,0.0017,0.11236
"137",TRUE,1,216837241,"rs1953522","A","C",0.3801,-5.575,2.47e-08,"++----+--------+---+------+---+-----+--+-+++-+--+--+-+++--------++-+---+----",0.7567,0,300486,-5.251,1.51e-07,0.6612,0,0.248,0.8044,0.8793,0,-5.171,2.33e-07,0.4372,0,0.4372,0,0.00108,0.00175,0.53862
"138",TRUE,3,64880377,"rs704444","A","G",0.5382,-5.572,2.51e-08,"---++++--+++++--+-++++-+----+-++-------+--+------+----+-+-----+----+---+-+--",0.5128,0,300486,-4.816,1.46e-06,0.3912,4,-1.043,0.2971,0.5884,0,-3.401,0.0006718,0.7272,0,0.7272,0,0.0034,0.00175,0.05196
"139",TRUE,6,29934022,"rs6914699","T","C",0.6186,5.569,2.56e-08,"-+-+++-++---+++-+---+++----+++--++----+-++-+-++-+--++-++++++-++-+---+--+++++",0.01308,28,300486,1.075,0.2824,0.1503,19,0.104,0.9175,0.1545,21,6.78,1.2e-11,0.3082,17,0.3082,17,-0.00035,0.00174,0.83913
"140",TRUE,6,3450814,"rs11759522","C","G",0.5536,-5.568,2.57e-08,"-+---++-----+--+++---+--------+---++--++--+-+--+++--+-------+---++-+---0----",0.03529,24,300486,-4.607,4.09e-06,0.1488,19,0.265,0.7907,0.1185,24,-6.233,4.58e-10,0.3144,15,0.3144,15,0.00072,0.00174,0.68094
"141",TRUE,12,49661715,"rs11168951","T","C",0.1019,5.565,2.62e-08,"-+---++--+--++-+-+---+--+-----+---++--+---+-+--++++-+-------+---++++---+----",0.01769,27,300486,-4.828,1.38e-06,0.103,23,0.417,0.6764,0.1176,24,-6.5,8.03e-11,0.2327,30,0.2327,30,0.00313,0.00183,0.08724
"142",TRUE,5,107170148,"rs62358087","A","G",0.8259,5.564,2.64e-08,"-++--++-+++++-+++-++++-++++-+-+++++---++++--+++-+++-++-++++--+-++-+-++--++++",0.003716,33,300486,1.824,0.06811,0.005223,40,0.932,0.3516,0.1343,22,5.962,2.5e-09,0.8513,0,0.8513,0,-0.00143,0.00172,0.40417
"143",TRUE,13,58473866,"rs7998050","A","G",0.3014,-5.558,2.72e-08,"--++?++++-++-++-?+-?----++-+++-+++---++-+--+---++--+++++-++-+--+-++-+++?++++",0.3324,6,300029,2.382,0.01723,0.4101,3,-0.488,0.6252,0.453,1,5.716,1.09e-08,0.9555,0,0.9555,0,0.00551,0.00175,0.00167
"144",TRUE,4,166195670,"rs7699872","A","T",0.4039,-5.555,2.77e-08,"-++--+-+--+--+--+--++-++------+++---+--+-+-+----+----+++--------+++----+----",0.565,0,300486,-4.601,4.21e-06,0.9381,0,0.355,0.7229,0.176,19,-3.959,7.52e-05,0.481,0,0.481,0,0.00523,0.00175,0.00278
"145",TRUE,8,64662318,"rs28549862","A","G",0.2506,5.555,2.77e-08,"-+-+--++----++-++-+++-+---+----+----+-+-+0----++++---++-+++--+-----+---+----",0.1037,17,300486,-3.162,0.001567,0.06885,26,-0.963,0.3356,0.3849,5,-5.979,2.25e-09,0.4685,0,0.4685,0,-0.00413,0.00172,0.01669
"146",TRUE,15,87973743,"rs935116","A","G",0.6248,-5.555,2.78e-08,"+++++-+-?------+?-+?-?-+--?--+-+------+-+-+++++--+-+----+---+---+--+---+--+-",0.1159,17,288581,-4.659,3.17e-06,0.3076,9,-1.107,0.2684,0.1481,22,-3.297,0.0009771,0.2082,34,0.2082,34,0.00209,0.00174,0.23036
"147",TRUE,12,14511806,"rs7978070","T","C",0.5184,5.551,2.84e-08,"-+-++-++-+-++--+++++++-+--+++-+---++--+-+--------++++-+----++-+-++-++-+-----",0.06402,21,300486,-0.357,0.721,0.4426,2,-1.781,0.07488,0.1751,19,-6.453,1.1e-10,0.4378,0,0.4378,0,-0.00019,0.00174,0.91178
"148",TRUE,7,21467190,"rs39302","T","C",0.2036,-5.55,2.86e-08,"-+-++++++--+++++-+++--+++--+++++-+++-++-+-++++--++++++--++++++-++++-+--+++-+",0.9609,0,300486,2.973,0.002949,0.8318,0,1.319,0.187,0.9693,0,5.512,3.54e-08,0.1974,36,0.1974,36,-0.00143,0.00174,0.4095
"149",TRUE,6,43227141,"rs111342015","A","G",0.097,5.542,3e-08,"+---?-----+-+--+?-+??+++--+---++--++-+---++++-+--++-+?+-+++++---+-+----?----",0.007721,31,298023,-4.028,5.63e-05,0.3114,9,1.423,0.1546,0.03786,36,-7.565,3.87e-14,0.4078,0,0.4078,0,-0.00378,0.00171,0.02767
"150",TRUE,3,35528166,"rs13062354","A","G",0.5147,-5.537,3.09e-08,"???+????+-++-++-?+-??--?++?++---++--?+++++---++++-??-?-++---+????++-+-+?++++",0.01174,33,276609,2.459,0.01394,0.781,0,-1.533,0.1254,0.02546,39,7.923,2.31e-15,0.7388,0,0.7388,0,0.00697,0.00174,6e-05
"151",TRUE,8,20915316,"rs1473634","A","G",0.7064,-5.536,3.09e-08,"+-+-+-++-+--+++-+---+-+-++-++++-++---+++-----0--+-?--++++--+-+-++---+-++++-+",0.0874,19,300049,3.41,0.0006498,0.5272,0,-0.905,0.3653,0.2365,15,7.036,1.98e-12,0.1347,46,0.1347,46,0.00104,0.00173,0.5458
"152",TRUE,2,56458509,"rs12713315","T","C",0.7201,-5.524,3.31e-08,"???--???++++++?+--++++--++?+-+--+++-?+-++++++++---?+++-+???+-????---++--+-++",0.6636,0,274440,4.896,9.76e-07,0.4986,0,2.818,0.004832,0.7676,0,4.6,4.22e-06,0.2556,26,0.2556,26,0.01034,0.00173,0
"153",TRUE,14,103990745,"rs2765042","A","G",0.368,-5.518,3.43e-08,"+++++--+++++--+--++++-++--++++-+++---+--+--+-++----+-+++++++--++----+++-++++",0.07394,20,300486,4.291,1.78e-05,0.5018,0,-0.631,0.5283,0.03564,34,5.748,9.05e-09,0.7087,0,0.7087,0,0.00143,0.00175,0.41229
"154",TRUE,20,58219763,"rs117431198","T","C",0.0369,-5.512,3.55e-08,"---------+++++-+-+--+-+--+--------+-+-+--+----+-+------++-+++----+++-+------",0.005001,32,300486,-2.666,0.007665,0.6302,0,-0.687,0.492,0.00105,50,-7.419,1.18e-13,0.1373,46,0.1373,46,0.00483,0.00172,0.00498
"155",TRUE,22,41992169,"rs62236533","A","G",0.1059,5.511,3.58e-08,"-+-+--++--+-++----+--++++----------+--+----+++-+-++++--++++-------+-+-------",0.2778,8,300486,-1.621,0.1051,0.6351,0,-1.184,0.2364,0.1423,22,-6.032,1.62e-09,0.8985,0,0.8985,0,-0.00024,0.00171,0.8876
"156",TRUE,18,13104251,"rs1787003","A","G",0.3826,5.511,3.58e-08,"???++???-----?+-++---+-+--?-+-++---+?----------+++?---+-???-+????++---++-++-",0.6996,0,275414,-4.495,6.95e-06,0.5696,0,-2.906,0.003658,0.7266,0,-4.623,3.79e-06,0.2622,25,0.2622,25,-0.00188,0.00174,0.27864
"157",TRUE,22,34265796,"rs12485060","T","C",0.5848,-5.51,3.59e-08,"???++???------+-++----++--?-+-++---+?-+--------+++?---+-???-+????+++--++-+--",0.6447,0,276693,-4.848,1.25e-06,0.4744,0,-2.843,0.004473,0.7462,0,-4.629,3.67e-06,0.274,23,0.274,23,0.0021,0.00174,0.22867
"158",TRUE,14,69712437,"rs28612284","T","G",0.9842,5.51,3.59e-08,"+-+-+-+----++--+?-+--+++--+--++---+++------++++------?--+++++---+-++---?----",0.04696,23,298327,-3.269,0.001079,0.02765,32,0.266,0.7904,0.6064,0,-6.332,2.42e-10,0.3737,4,0.3737,4,-0.00153,0.00218,0.48246
"159",TRUE,16,50945156,"rs12918191","A","G",0.7579,5.502,3.75e-08,"???-????-+--+--+?-+??++?--?--+++--++?-----+++----+?++?+--+++-????--+-+-?----",0.01455,32,278163,-2.456,0.01404,0.8039,0,1.507,0.1319,0.02734,39,-7.942,2e-15,0.7475,0,0.7475,0,-0.00608,0.00174,0.00049
"160",TRUE,4,16414810,"rs17420654","T","C",0.3315,-5.499,3.81e-08,"???++???-----?+-++---+-+--?-+-++---+?----------+++?---+-???-+????++---++-+--",0.6998,0,275414,-4.513,6.39e-06,0.5586,0,-2.921,0.003487,0.7319,0,-4.645,3.4e-06,0.2722,23,0.2722,23,-0.00117,0.00173,0.50149
"161",TRUE,20,59815020,"rs6124077","A","G",0.4799,-5.491,4e-08,"-+-++-----++----+--+++++-+-++-+--++-?---+--+----+-----+--++-+--++-+------+--",0.5148,0,298560,-3.667,0.0002452,0.5804,0,-2.024,0.04294,0.3728,6,-4.247,2.17e-05,0.2343,30,0.2343,30,0.00481,0.00175,0.00616
"162",TRUE,6,21960065,"rs7763264","T","C",0.3711,-5.487,4.1e-08,"-+--+-+-+++---++?+-?+?+-++-++-++-++--++++++--+-++-++--++++-+--+---+--+-+++++",0.1428,15,300219,2.854,0.004322,0.07984,25,1.543,0.1228,0.2743,13,4.59,4.44e-06,0.9438,0,0.9438,0,0.00166,0.00174,0.33888
"163",TRUE,21,40628765,"rs1541102","T","C",0.3582,5.481,4.24e-08,"???++???-----?+-++----++--?-+-++---+?----------+++?---+-???-+????++---++-++-",0.6312,0,275414,-4.698,2.63e-06,0.4954,0,-2.818,0.004831,0.7247,0,-4.604,4.14e-06,0.2203,32,0.2203,32,-0.00049,0.00174,0.77725
"164",TRUE,7,44773310,"rs4720476","T","C",0.5406,-5.48,4.24e-08,"-++--+-+-+---+----+---++------+-+--+--+----+-+---+-+-+++---------++---++----",0.7168,0,300486,-4.424,9.7e-06,0.9456,0,0.755,0.4505,0.577,0,-5.037,4.73e-07,0.1317,47,0.1317,47,-0.00011,0.00174,0.9476
"165",TRUE,17,43781083,"rs117560908","T","C",0.2531,5.478,4.3e-08,"+-+--++-+++-+++-++-++++++-?+--++-++-++++++-+-++-+-++++-+-+---+-+-++-++-?++++",0.6926,0,297744,4.207,2.59e-05,0.3475,7,2.346,0.01897,0.9184,0,5.533,3.16e-08,0.1438,45,0.1438,45,-0.00444,0.00172,0.00988
"166",TRUE,3,49195441,"rs9862483","A","G",0.1051,5.476,4.34e-08,"+-++-+-+-+--+++-++++++--+-++++++++-+-+-----+++++++---+-+-+-++-++---+++++++++",0.8372,0,300486,3.128,0.001759,0.6548,0,1.313,0.1893,0.6603,0,4.302,1.69e-05,0.8854,0,0.8854,0,0.0018,0.00172,0.29483
"167",TRUE,2,157487273,"rs13425585","C","G",0.5064,-5.474,4.4e-08,"+++++----++-++++++--+-----+++-++--+-+++--+++-++-+--+-+++----+-++-++-++--++++",0.0006952,38,300486,1.883,0.05967,0.04069,30,1.574,0.1154,0.01089,41,7.318,2.51e-13,0.3668,5,0.3668,5,0.0031,0.00174,0.07509
"168",TRUE,4,103034391,"rs13101632","A","G",0.1,-5.47,4.49e-08,"???+????+-++-++-?+-??--?++?++---++--?+++++---+-++-??-?-++---+????++-+-+?++++",0.01185,33,276609,2.433,0.01496,0.8033,0,-1.531,0.1257,0.02238,40,7.933,2.15e-15,0.7885,0,0.7885,0,0.00202,0.00172,0.23853
"169",TRUE,18,50435264,"rs2032254","A","G",0.5396,5.468,4.56e-08,"-+++?+-++--++++-?+-?+---++-++---++--+++++----+-++-++-?-+-+---+++-+-++-+?++++",0.01512,29,298126,3.562,0.0003678,0.1972,16,-1.386,0.1659,0.1225,25,6.864,6.68e-12,0.3649,6,0.3649,6,-0.00672,0.00174,0.00012
"170",TRUE,6,30093137,"rs2517592","T","C",0.2498,5.465,4.63e-08,"+--+--+--+-----+-+--++++---?----+--++-+--+++-+++++---+-----++---?+-+-++-----",0.03844,24,295410,-4.771,1.84e-06,0.1374,20,-0.315,0.7524,0.1497,21,-5.167,2.38e-07,0.08228,55,0.08228,55,-0.00339,0.00177,0.05559
"171",TRUE,9,120677877,"rs3914453","A","T",0.4124,5.463,4.69e-08,"---++++-+--+++++-+-+-+-----+++-++++++++-+++-+-+--++-++-+-++-+-++++-++-+-++-+",0.2653,9,300486,1.924,0.05432,0.5129,0,0.67,0.5031,0.3639,6,6.605,3.98e-11,0.4235,0,0.4235,0,-0.00283,0.00174,0.10356
"172",TRUE,3,123670721,"rs17310322","T","C",0.3737,-5.459,4.78e-08,"???--???+++++?-+--+++-+-++?+-+-+++--?++++++++++---?+++-+???+-????--+++--+-++",0.6629,0,275414,4.581,4.64e-06,0.5217,0,2.884,0.003925,0.712,0,4.618,3.88e-06,0.2791,22,0.2791,22,0.00283,0.00177,0.11024
"173",TRUE,2,73606508,"rs6706409","A","C",0.6908,5.456,4.86e-08,"++----------+-+++---+-+-+---+-+--+--+-----++-++-++++-+++-+---+++-++++-------",0.4276,2,300486,-2.542,0.01103,0.2972,10,-0.711,0.4771,0.6111,0,-5.427,5.75e-08,0.5489,0,0.5489,0,-0.00205,0.00177,0.2461
"174",TRUE,10,65078777,"rs4518976","T","C",0.8056,5.454,4.93e-08,"---+-+++----++-++++++-+---+---++----+-+--+--+---++---++-+++-++-----+---+----",0.03831,24,300486,-3.071,0.002133,0.04516,29,-0.343,0.7317,0.2099,17,-5.733,9.84e-09,0.5637,0,0.5637,0,-0.00346,0.00181,0.05577
